[93596433]
[99848999]
[55138060]
[50427426]
[33130201]
[37530766]
[00333168]
[02303691]
[74726546]
[71704565]
[57842333]
[43077548]
[21002128]
[75404159]
[27383566]
[34031806]
[82174457]
[13619246]
[56033170]
[16649511]
[44723484]
[03266747]
[16765249]
[53886702]
[24510694]
[06462252]
[80215488]
[46596200]
[80599166]
[93141814]
[25083383]
[96295542]
[15457825]
[81239497]
[77080681]
[97578144]
[45679756]
[85287312]
[26771064]
[70375275]
[15929542]
[75057628]
[70448198]
[30397282]
[34069578]
[37499170]
[93360313]
[86876042]
[01068252]
[81070843]
[41026783]
[06934527]
[05852142]
[64941117]
[34297019]
[43366208]
[10326752]
[23587652]
[64215706]
[40996419]
[75696292]
[79689997]
[66305808]
[46560253]
[65532236]
[92044395]
[15538825]
[04694520]
[90518310]
[94436216]
[10221460]
[77415063]
[98577615]
[50273226]
[69351120]
[13788043]
[18603655]
[82387206]
[44925708]
[12042224]
